phi=0.05;
k=500;
c=5;


L=0.8;
Ls=0.15;

m=2;
I=m*L^2/12;

g=9.81;

cof=0.9;
